3226
6452
9678
12904
16130
19356
22582
25808
29034
32260
35486
38712
41938
45164
48390
51616
54842
58068
61294
64520
67746
70972
74198
77424
80650
83850
87075
90300
93525
96750
4998550050
3226
6452
9678
12904
16130
19356
22582
25808
29034
32260
35486
38712
41938
45164
48390
51616
54842
58068
61294
64520
67746
70972
74198
77424
80650
83850
87075
90300
93525
96750
4998550050
3226
6452
9678
12904
16130
19356
22582
25808
29034
32260
35486
38712
41938
45164
48390
51616
54842
58068
61294
64520
67746
70972
74198
77424
80650
83850
87075
90300
93525
96750
4998550050
3226
6452
9678
12904
16130
19356
22582
25808
29034
32260
35486
38712
41938
45164
48390
51616
54842
58068
61294
64520
67746
70972
74198
77424
80650
83850
87075
90300
93525
96750
4998550050
3226
6452
9678
12904
16130
19356
22582
25808
29034
32260
35486
38712
41938
45164
48390
51616
54842
58068
61294
64520
67746
70972
74198
77424
80650
83850
87075
90300
93525
96750
4998550050
3226
6452
9678
12904
16130
19356
22582
25808
29034
32260
35486
38712
41938
45164
48390
51616
54842
58068
61294
64520
67746
70972
74198
77424
80650
83850
87075
90300
93525
96750
4998550050
3226
6452
9678
12904
16130
19356
22582
25808
29034
32260
35486
38712
41938
45164
48390
51616
54842
58068
61294
64520
67746
70972
74198
77424
80650
83850
87075
90300
93525
96750
4998550050
3226
6452
9678
12904
16130
19356
22582
25808
29034
32260
35486
38712
41938
45164
48390
51616
54842
58068
61294
64520
67746
70972
74198
77424
80650
83850
87075
90300
93525
96750
4998550050
3226
6452
9678
12904
16130
19356
22582
25808
29034
32260
35486
38712
41938
45164
48390
51616
54842
58068
61294
64520
67746
70972
74198
77424
80650
83850
87075
90300
93525
96750
4998550050
3226
6452
9678
12904
16130
19356
22582
25808
29034
32260
35486
38712
41938
45164
48390
51616
54842
58068
61294
64520
67746
