100
29 15 522842472
355020605 476099380 477280240 498398119 515509485 520574873 522737217 522763361 522791296 522827209 522830003 522832424 522840360 522842445 522842471
22 5 56286505
28 641 14734 338936 7795497
3 11 63751320
34 104 488 1935 7757 30976 123947 495776 1983068 7932345 31729358
88 4 857142534
17 1497 133290 11862788
1 5 16
1 2 4 8 16
1 5 100
3 6 12 25 51
1 6 100
1 5 10 25 50 100
45 5 77900061
16 767 35308 1624161 74711354
66 4 10117607
25 1654 110815 7424630
31 18 458967574
54401900 186609089 302514458 339223957 389845167 421259692 431841367 458378080 458441468 458463650 458722550 458950356 458960717 458962317 458964633 458967178 458967314 458967537
7 7 72584333
62 482 3893 31110 248840 1990711 15925781
93 4 653808411
23 2231 209640 19706230
95 26 371634494
172622094 173156924 290650600 338532732 343086236 365006632 367025045 368116081 370358285 371577547 371584492 371612113 371630677 371632081 371632450 371633328 371633994 371634440 371634475 371634476 371634477 371634479 371634486 371634487 371634492 371634494
2 4 64
1 2 7 63
98 18 896909253
368429368 378036633 555777047 664117933 755312310 853515105 885355799 885441097 889689154 896176990 896712920 896878609 896897273 896900375 896904896 896908617 896909094 896909239
38 16 717236108
677691174 712646092 712985345 713254780 716485757 717070895 717212801 717232645 717234982 717235462 717236038 717236040 717236083 717236100 717236103 717236108
1 1 30
30
7 9 735106567
15 170 1334 10640 85168 681348 5450754 43606075 348848586
1 2 18
4 9
88 19 207808126
12521782 159957420 197513905 202176995 203994371 205554393 206323203 206850283 207715586 207763538 207787106 207801949 207804015 207805863 207807575 207808007 207808108 207808124 207808126
7 7 54764596
96 702 5593 44831 358616 2868958 22951626
4 10 286525795
63 279 1375 6914 34584 172890 864501 4322427 21612211 108061006
33 23 403864096
216971940 252731624 360476179 397927077 400374310 401300623 401634761 402039819 403323499 403618241 403717390 403799581 403831928 403839468 403861476 403862679 403863095 403863380 403863933 403864064 403864088 403864091 403864095
48 18 862394234
169882184 311747919 407408900 525957462 566887874 848611521 853810087 859270747 859318649 861877568 861923539 862231230 862386844 862392925 862394007 862394105 862394166 862394218
10 7 45399134
24 265 2894 31894 350794 3858783 42446560
38 19 204578780
115071162 160979415 204070840 204400705 204484715 204519608 204545875 204547274 204555130 204560394 204572837 204576113 204576476 204577999 204578558 204578725 204578747 204578779 204578780
66 21 819872151
559375201 676549293 757697049 805665673 806595732 817294558 818431478 819629098 819690568 819754543 819801761 819803118 819859565 819861447 819870564 819871635 819871953 819872142 819872147 819872148 819872151
6 7 51307576
81 521 3626 25401 177849 1244936 8714495
39 5 395692148
83 3308 132329 5293163 211726455
99 19 194750066
97335965 123618897 163286471 177443873 189085237 189738904 190639969 190641278 192098489 192920532 194305349 194400050 194487110 194608044 194681916 194749796 194749874 194749987 194750047
5 9 551702242
79 417 2499 15034 90200 541236 3247397 19484329 116906052
1 1 7
1
86 19 659744725
401521215 410448428 643276450 656755958 657917538 659151458 659375013 659536999 659711613 659712275 659731627 659736131 659740552 659742598 659744004 659744404 659744510 659744614 659744717
65 16 604960465
238959403 447459063 488589534 588609792 595493179 604381170 604618289 604797748 604943542 604954957 604958608 604959877 604960377 604960448 604960462 604960464
99 21 208136019
124714612 129271511 203719077 206765961 207370438 207885627 207972132 208105365 208113362 208127008 208129903 208135137 208135652 208135707 208135907 208135976 208135996 208136008 208136012 208136018 208136019
59 22 932887585
370624492 618390935 900657359 903701917 915285610 916357597 920332839 928872474 931628963 932171858 932185556 932673886 932771421 932816748 932826383 932861518 932887067 932887456 932887535 932887582 932887583 932887585
63 3 2476744
12 834 53340
33 14 511134191
139373851 320309310 399204562 489570389 497580752 510043066 510771503 511104067 511124808 511131777 511131992 511133510 511133917 511134113
52 21 445046817
48383020 416350444 418795920 431878870 440114178 444168494 444623911 444774706 444861817 445044514 445045166 445045189 445045998 445046167 445046782 445046798 445046802 445046807 445046811 445046813 445046817
52 14 609317006
344769572 463147827 529854888 564250854 566903727 581941181 606252073 609283470 609313223 609316213 609316289 609316333 609316722 609316948
3 9 6197260
83 273 1151 4569 18315 73265 293049 1172205 4688811
57 16 177425294
89379924 148529716 169697016 173571948 173884665 176337988 176641902 176865958 176995566 177024511 177238951 177413918 177424733 177424902 177425135 177425279
2 16 824905568
48 146 432 1258 3855 11500 34491 103500 310508 931554 2794648 8383952 25151873 75455622 226366852 679100520
7 6 5790733
40 308 2438 19538 156346 1250729
13 7 861837445
16 305 4178 58532 819476 11472637 160616924
70 21 880718744
813346387 828266115 845736485 866033524 870020725 880274809 880625995 880693687 880697124 880706169 880708785 880709339 880713833 880718051 880718692 880718702 880718721 880718731 880718737 880718742 880718744
7 8 596950703
57 405 3302 26405 211280 1690176 13521457 108171581
77 25 872101190
284974887 368946377 594028490 713793368 725242740 797144894 856196892 865222727 868455183 869490515 869931798 870831804 870978899 871083190 871918159 872070493 872099138 872100279 872100614 872100729 872100868 872100906 872100990 872101129 872101185
74 21 212148378
15457819 158795947 161959633 171123907 198442658 203037869 206385517 208556168 210584497 211428455 211778239 212107621 212108102 212127088 212143385 212146773 212147992 212148050 212148271 212148286 212148364
100 100 1000000000
999999901 999999902 999999903 999999904 999999905 999999906 999999907 999999908 999999909 999999910 999999911 999999912 999999913 999999914 999999915 999999916 999999917 999999918 999999919 999999920 999999921 999999922 999999923 999999924 999999925 999999926 999999927 999999928 999999929 999999930 999999931 999999932 999999933 999999934 999999935 999999936 999999937 999999938 999999939 999999940 999999941 999999942 999999943 999999944 999999945 999999946 999999947 999999948 999999949 999999950 999999951 999999952 999999953 999999954 999999955 999999956 999999957 999999958 999999959 999999960 999999961 999999962 999999963 999999964 999999965 999999966 999999967 999999968 999999969 999999970 999999971 999999972 999999973 999999974 999999975 999999976 999999977 999999978 999999979 999999980 999999981 999999982 999999983 999999984 999999985 999999986 999999987 999999988 999999989 999999990 999999991 999999992 999999993 999999994 999999995 999999996 999999997 999999998 999999999 1000000000
2 14 228604527
160503947 189238213 198638726 225730584 226739155 226770719 228282629 228544338 228592429 228603965 228604145 228604331 228604368 228604492
27 24 264040172
245794002 246765438 247661619 260483971 262963364 263330346 263465783 263732616 263817140 263826124 263966692 264001433 264010122 264031502 264035633 264039257 264039368 264039904 264040031 264040098 264040165 264040169 264040170 264040172
2 1 3
3
1 5 30
1 2 4 8 15
1 4 16
1 2 4 8
8 7 61494373
22 230 2039 18332 165010 1485133 13366186
6 8 177414079
40 291 2049 14344 100436 703030 4921160 34448167
7 23 840960891
265682465 531073433 543739131 568084050 601391048 711660894 814217027 832209561 838351120 838792625 838799033 840445815 840539710 840696749 840723549 840825319 840864871 840916009 840933561 840933997 840960286 840960890 840960891
12 21 778868256
70669978 170912027 640860038 670655333 770600569 775457087 775579010 776251233 777870851 778148268 778777161 778792990 778806460 778861633 778863442 778865872 778868024 778868194 778868214 778868255 778868256
76 4 518629775
87 6656 512482 39461170
1 2 27
3 7
9 5 3844386
51 494 4942 49424 494277
1 5 5
1 2 3 4 5
1 1 1000000000
1000000
5 9 325424765
41 285 1655 9966 59756 358557 2151393 12908333 77449945
83 14 208325699
157655905 181155754 202575284 203273349 204571257 205677815 206621952 206884060 207845875 207974312 208295378 208320340 208321594 208325699
40 27 658496927
294863764 582298330 611603859 622501911 651619673 653063426 657439134 658310042 658333099 658455481 658492832 658492881 658493017 658493851 658495091 658495717 658496308 658496678 658496767 658496823 658496832 658496907 658496919 658496921 658496923 658496926 658496927
9 25 868379390
99615825 277952933 374970729 536192526 813892855 856808434 861424917 864762377 867843727 867970812 867984607 868206309 868295102 868306076 868368257 868369293 868377239 868378549 868379006 868379222 868379345 868379372 868379381 868379387 868379389
80 4 462200952
22 1831 148274 12010210
1 1 2
1
46 23 796842440
260104925 633411909 733330269 770602230 790648125 794620839 794732752 795454353 795739456 796484871 796755214 796763184 796828603 796837213 796837931 796840928 796842141 796842350 796842358 796842382 796842417 796842434 796842439
59 17 881744103
399201496 581824342 663352003 804431682 821096440 852786429 875088212 875293451 878215411 880588486 881668645 881739231 881743266 881743407 881744027 881744093 881744103
40 5 104316004
26 1092 44751 1834820 75227635
9 6 62638630
72 683 6851 68489 684898 6848979
40 21 719937723
193984202 293065233 662302656 672028435 677008749 686259904 711943516 716497909 717240783 719367842 719501564 719778570 719892554 719911292 719922713 719931629 719934848 719936395 719937107 719937337 719937666
59 15 248177961
185944293 222374176 245853617 247902635 248001424 248096454 248151405 248171177 248174315 248175512 248175955 248177060 248177839 248177889 248177955
34 5 90905808
58 1990 69707 2439695 85389363
50 4 6718606
19 992 50603 2580743
41 14 626182071
332424943 470036157 596788955 619044890 623845270 624771414 626099069 626119505 626169021 626177574 626181359 626181890 626181936 626182061
41 18 755259557
719699258 751937029 754851908 755108775 755185602 755233330 755255454 755256098 755257363 755258103 755259343 755259413 755259420 755259431 755259536 755259542 755259555 755259557
1 1 1000000000
10000
82 4 871541413
34 2863 237633 19723549
4 11 541850796
52 270 1388 6893 34436 172240 861181 4305846 21529226 107646208 538231017
98 3 14154093
23 2314 229041
9 8 449698159
44 397 3983 39852 398502 3985018 39850209 398502135
8 8 458146940
38 337 3045 27422 246805 2221218 19990962 179918672
26 5 36946922
51 1364 36866 995390 26875525
59 17 610913276
350962896 522587206 545232204 555262441 592048519 596029278 610429535 610577121 610768607 610777574 610817940 610894897 610902720 610909990 610913077 610913199 610913269
4 10 47325553
4 38 180 952 4755 23734 118663 593395 2966979 14834830
4 11 519127351
27 135 730 3642 18177 90944 454686 2273391 11366977 56834934 284174602
27 11 189633976
179985814 184319734 188366949 189316373 189622756 189629173 189630203 189632207 189633891 189633966 189633976
36 5 757681955
13 548 20270 749978 27749154
8 19 755331112
664071524 726760230 749967360 753808958 753831129 754891209 755050895 755168532 755211200 755236531 755288244 755300174 755307554 755314649 755329995 755330740 755330799 755331064 755331068
48 5 58081351
2 115 5709 279673 13704023
1 3 6
1 2 5
90 11 764211823
760241841 762651430 763103152 764114589 764116576 764173011 764195607 764206887 764207076 764208362 764211797
48 17 382303640
373860718 374329110 379710219 379756229 382170200 382179229 382193739 382284161 382292786 382302217 382302697 382303529 382303547 382303635 382303636 382303639 382303640
98 13 492579035
462678304 488351666 490094407 491651630 492304315 492317529 492572033 492574221 492577552 492578182 492578588 492578887 492579021
18 21 134265219
7443064 86294419 117530239 124890080 131789715 133963779 134090219 134206464 134208071 134241007 134252530 134253762 134263776 134264137 134264813 134264815 134264917 134265192 134265204 134265217 134265219
1 2 3
1 2
