100
1 1 24
2
1 2 25
19 25
1 4 20
5 10 15 19
1 1 7
1
1 1 28
13
1 2 23
3 7
1 1 23
5
1 3 25
5 10 19
1 1 24
11
1 2 26
4 5
1 2 13
7 13
1 2 26
23 25
1 3 19
4 9 16
1 2 22
20 22
1 2 19
4 8
1 2 22
2 7
1 2 2
1 2
1 3 27
10 13 26
1 1 14
1
1 3 28
18 27 28
1 3 30
15 22 30
1 2 27
21 23
1 4 24
13 16 18 23
1 2 15
3 4
1 2 3
1 2
1 4 18
6 16 17 18
1 4 28
2 7 10 22
1 1 2
1
1 3 23
5 6 15
1 1 20
4
1 1 19
19
1 5 16
1 2 4 8 16
1 1 25
1
1 1 10
5
1 1 20
6
1 3 23
6 10 16
1 2 27
9 26
1 1 22
1
1 2 21
15 20
1 2 28
20 28
1 2 30
26 30
1 4 30
1 5 9 20
1 5 30
1 2 4 8 15
1 2 9
7 9
1 4 23
1 2 5 10
1 1 10
2
1 2 12
2 5
1 5 16
2 13 14 15 16
1 2 18
4 9
1 2 23
3 5
1 3 21
5 7 15
1 3 19
2 3 10
1 1 23
20
1 3 21
5 8 18
1 2 27
3 7
1 3 14
2 7 11
1 4 24
2 5 12 24
1 2 19
18 19
1 3 22
4 7 14
1 2 2
1 2
1 2 24
23 24
1 1 30
30
1 2 25
1 15
1 3 11
2 4 7
1 1 27
11
1 1 14
4
1 1 30
1
1 2 9
2 6
1 2 18
6 18
1 2 3
2 3
1 1 24
20
1 1 26
23
1 5 5
1 2 3 4 5
1 3 28
5 9 17
1 1 5
2
1 3 19
2 7 10
1 4 16
1 2 4 8
1 3 20
7 9 12
1 1 16
8
1 2 6
3 6
1 2 7
1 5
1 1 4
4
1 2 28
21 26
1 1 26
11
1 3 23
19 22 23
1 1 14
3
1 4 19
14 16 18 19
1 3 20
1 5 8
1 3 6
1 2 5
1 2 8
4 8
1 4 27
4 7 15 27
1 1 24
14
1 1 25
4
1 3 20
4 6 15
1 2 10
4 7
1 3 12
2 10 12
1 3 10
2 7 10
1 1 2
1
1 1 14
14
1 2 8
4 6
