100
133468928
975182640
893301664
336143832
865301861
284354374
228929768
867687326
935235504
537454540
765012687
859273080
272815104
644694112
716184368
474865840
397954773
974952744
741977468
845237659
967134616
671183080
42703326
478249900
431692684
264812922
124309029
584497630
848286220
984749971
876958920
868711496
447172860
819605280
77953534
20624778
571496787
130832864
48760704
296115288
965251712
986919546
661456984
644226144
802375168
108330086
839799032
350904976
453332177
266045520
645780795
118365784
762380446
521077005
40893782
469026523
486099916
368033488
673438208
57394176
303843509
183005192
466573319
375789492
168940980
361570244
896244762
447417164
583956386
594166272
887149868
602030080
334568192
590517038
69858392
699884544
557369675
978876728
914573248
533106806
428889388
811754298
394052485
523145812
167268864
866551111
98117012
482121058
350304072
772181680
616931498
550920734
19546406
672221632
983437018
34537824
776063712
693530848
690252016
971062284
