1000
202 48 54 67 150
712 232 346 285 632
332 104 298 154 241
847 643 116 316 5
238 70 143 229 14
480 219 37 72 237
870 516 453 218 477
400 38 2 183 64
643 153 240 52 455
227 38 25 149 95
393 312 155 41 50
421 52 1 30 245
62 12 3 47 39
549 143 233 273 9
448 232 272 58 271
708 134 42 160 436
628 134 365 417 285
645 245 594 312 284
660 181 609 12 548
704 204 580 44 542
518 303 323 20 89
914 551 344 407 92
151 107 2 40 68
585 306 115 2 419
964 501 118 468 113
827 308 221 335 546
88 64 6 42 51
258 47 48 8 250
316 53 265 63 268
628 26 613 238 481
857 780 251 733 187
732 648 224 573 165
794 740 1 569 106
745 395 558 25 273
988 365 30 730 664
419 135 73 150 305
907 342 232 74 198
162 112 1 108 88
420 9 206 158 10
932 442 354 616 285
852 394 330 24 116
70 28 16 52 37
400 96 223 139 329
525 432 249 231 36
248 236 0 11 108
646 291 196 154 253
833 147 817 712 428
771 480 465 123 663
912 876 223 642 109
820 627 359 584 560
581 152 220 56 475
671 87 338 3 254
570 34 59 122 281
335 198 15 183 169
595 292 435 311 149
779 468 470 479 499
247 158 155 84 124
584 208 376 465 67
102 100 17 17 89
810 528 436 555 305
831 554 274 540 270
18 5 2 16 5
624 244 183 467 139
751 279 37 488 554
321 50 178 215 142
767 486 406 217 485
794 488 245 605 270
895 336 59 182 784
312 55 156 277 124
22 6 17 20 5
82 59 27 54 25
947 357 125 202 553
211 94 120 86 21
35 14 10 31 15
75 31 55 0 13
973 863 40 554 133
767 192 594 195 325
829 341 79 585 369
759 501 365 66 448
308 284 75 264 6
562 376 174 198 39
308 43 256 136 48
877 392 738 322 529
993 25 609 66 100
176 159 7 33 124
350 218 26 72 113
400 103 326 291 230
707 576 110 287 532
373 205 105 98 302
236 128 74 184 76
628 529 25 251 172
606 398 175 99 383
472 190 36 189 326
536 174 502 53 135
746 408 619 590 164
143 131 41 42 3
194 164 55 103 87
193 49 85 130 8
5 3 3 4 1
736 19 33 443 22
24 2 2 9 2
149 4 24 109 89
17 11 9 3 11
954 648 307 153 272
324 183 129 92 155
95 7 61 22 1
618 574 50 24 597
874 417 408 348 752
875 45 692 57 116
291 46 212 84 120
